150
54
 2   4   5   6   7   8   9  10  11  12  13  14  15  16  17  18  19
20  21  22  23  24  25  26  27  28  29  30  31  32  33  34  35  36
37  38  39  43  47  50  51  52  53  55  56  57  58  59  60  61  64
66 103 104
0 " 1
1 " 2
0 + 4
4 + 5
4 = 6
0 - 7
7 - 8
7 = 9
0 * 10
10 = 11
0 / 12
12 = 13
12 * 62
12 / 64
0 < 14
14 < 15
15 = 24
14 = 16
0 > 17
17 > 18
18 = 25
17 = 19
0 = 20
20 = 21
0 * 22
22 = 23
0 & 26
26 & 27
26 = 28
0 | 29
29 | 30
29 = 31
0 ^ 32
32 = 33
0 % 34
34 = 35
0 ! 36
36 = 37
0 { 51
0 } 52
0 . 53
7 > 55
0 [ 56
0 ] 57
0 ( 58
0 ) 59
0 : 60
0 ; 61
0 , 66