100 700
1 6 359
1 7 520
1 10 576
1 9 645
1 16 210
1 18 221
1 22 820
1 24 631
1 27 361
1 28 148
1 32 668
1 67 211
1 69 243
1 74 518
1 88 404
1 96 850
2 14 488
2 25 900
2 26 540
2 32 364
2 38 503
2 42 751
2 56 775
2 64 500
2 70 627
2 78 726
2 82 941
2 86 389
2 100 376
3 28 731
3 48 718
3 51 788
3 60 679
3 68 5
3 69 67
3 71 885
3 72 968
3 87 696
3 90 558
3 92 995
4 6 925
4 11 499
4 18 621
4 20 276
4 24 322
4 25 342
4 31 790
4 36 643
4 62 230
4 79 134
5 6 782
5 38 619
5 44 143
5 48 99
5 57 874
5 67 66
5 87 711
5 96 764
6 9 365
6 13 241
6 21 558
6 22 20
6 29 567
6 31 923
6 33 273
6 34 740
6 35 579
6 52 983
6 69 585
6 76 266
6 83 378
6 100 53
7 32 420
7 33 891
7 42 590
7 47 44
7 48 97
7 51 239
7 56 969
7 61 484
7 63 757
7 66 164
7 81 64
7 84 121
7 87 659
7 99 589
8 10 471
8 13 634
8 15 600
8 27 71
8 32 90
8 35 749
8 43 897
8 71 984
8 79 174
8 82 587
8 87 130
8 90 206
8 96 731
9 18 801
9 20 223
9 36 976
9 38 973
9 40 563
9 82 913
9 88 197
9 93 735
9 95 694
10 28 36
10 30 950
10 33 891
10 46 803
10 49 593
10 61 598
10 70 862
10 71 535
10 72 363
10 84 416
10 85 309
11 15 610
11 17 14
11 34 727
11 40 679
11 41 310
11 42 618
11 43 965
11 44 85
11 45 519
11 50 955
11 52 112
11 57 317
11 60 103
11 61 590
11 72 38
11 82 310
11 84 69
11 92 75
12 18 725
12 20 455
12 25 457
12 30 606
12 34 315
12 36 12
12 38 791
12 39 413
12 42 469
12 43 749
12 44 488
12 48 447
12 53 147
12 56 208
12 62 735
12 87 151
12 91 952
12 97 158
12 99 945
13 23 992
13 31 108
13 35 106
13 48 442
13 54 280
13 61 397
13 66 747
13 70 38
13 81 830
13 83 120
13 90 838
13 91 762
13 96 833
13 98 397
13 99 61
14 28 423
14 32 872
14 40 43
14 50 96
14 61 502
14 69 600
14 70 612
14 87 200
14 89 635
14 92 350
14 94 681
14 96 738
15 16 895
15 26 545
15 33 946
15 55 330
15 58 896
15 65 535
15 66 652
15 82 863
15 88 455
15 89 922
15 91 511
15 99 554
16 43 520
16 57 29
16 62 175
16 63 192
16 73 438
16 74 182
16 77 67
16 84 977
16 89 766
16 93 68
16 97 971
16 98 350
17 20 132
17 25 470
17 28 280
17 38 817
17 39 152
17 49 164
17 55 760
17 60 855
17 65 492
17 68 4
17 71 800
17 72 877
17 100 37
18 24 307
18 36 273
18 46 793
18 48 441
18 49 27
18 50 863
18 53 53
18 57 763
18 61 367
18 62 236
18 64 951
18 81 466
18 84 331
18 88 402
18 91 621
19 22 677
19 27 291
19 33 772
19 40 876
19 41 945
19 48 604
19 50 638
19 55 425
19 67 479
19 69 197
19 72 321
19 74 200
19 75 767
19 77 289
19 81 878
19 84 743
19 86 716
19 87 114
19 89 132
19 94 929
19 98 676
20 21 189
20 31 121
20 41 439
20 70 853
20 96 440
20 98 1
21 31 638
21 51 848
21 55 969
21 58 909
21 61 479
21 70 191
21 84 807
21 88 438
21 99 758
22 24 589
22 43 717
22 54 319
22 61 446
22 66 682
22 72 256
22 79 811
22 84 421
22 87 935
22 96 268
22 97 139
22 99 565
23 26 743
23 41 945
23 58 796
23 60 989
23 61 791
23 87 6
23 100 318
24 28 915
24 29 952
24 33 78
24 36 161
24 50 57
24 78 282
25 35 69
25 45 516
25 47 960
25 61 174
25 66 804
25 68 294
25 73 466
25 77 453
25 88 833
25 89 353
26 32 195
26 33 105
26 34 974
26 41 926
26 46 91
26 53 823
26 60 468
26 70 515
26 75 381
26 84 849
26 100 26
27 37 397
27 43 250
27 62 79
27 67 596
27 70 998
27 78 958
27 80 778
27 90 502
28 31 901
28 39 585
28 44 87
28 47 912
28 55 832
28 60 667
28 62 901
28 65 988
28 67 953
28 68 615
28 76 107
28 80 868
28 90 387
28 91 861
28 93 510
28 100 564
29 35 437
29 39 583
29 40 678
29 44 279
29 62 570
29 65 559
29 67 275
29 74 964
29 85 122
29 86 573
29 87 77
29 94 15
30 44 158
30 53 482
30 54 919
30 63 232
30 66 225
30 69 454
30 72 800
30 74 644
30 77 450
30 98 486
31 34 642
31 43 513
31 50 639
31 62 297
31 67 783
31 79 14
31 90 948
31 95 423
32 33 874
32 43 87
32 52 308
32 54 724
32 57 483
32 68 917
32 77 368
32 85 321
32 91 116
32 93 169
32 99 345
33 55 427
33 57 734
33 61 218
33 69 759
33 75 196
33 78 524
33 97 891
34 35 694
34 52 681
34 56 165
34 66 359
34 69 939
34 78 61
34 80 386
34 83 978
35 51 843
35 55 932
35 63 386
35 74 847
36 43 690
36 58 681
36 59 583
36 60 93
36 61 507
36 66 592
36 67 19
36 79 272
36 80 59
36 87 348
36 94 1000
36 96 349
36 97 457
36 98 92
36 99 425
37 38 597
37 52 528
37 63 356
37 79 159
37 85 528
37 91 829
37 93 875
37 98 740
38 51 329
38 70 216
38 78 678
38 80 866
38 85 666
38 86 399
38 87 144
38 89 950
39 41 43
39 55 732
39 62 519
39 66 808
39 75 59
39 79 137
39 82 608
39 88 936
40 49 77
40 67 272
40 68 984
40 70 344
40 75 483
40 93 884
40 95 366
41 47 951
41 64 410
41 73 896
41 86 822
41 98 88
41 100 938
42 44 425
42 46 116
42 47 286
42 57 18
42 74 93
42 80 607
42 81 763
42 84 587
42 95 478
42 96 164
43 49 357
43 67 272
43 69 480
43 75 743
43 79 747
43 95 815
43 100 231
44 46 746
44 62 254
44 65 307
44 68 691
44 72 701
44 78 111
44 79 267
44 87 672
44 88 103
44 89 611
44 94 492
45 50 429
45 53 481
45 54 182
45 56 893
45 62 546
45 63 248
45 70 218
46 47 152
46 55 769
46 56 52
46 63 327
46 68 713
46 77 63
46 90 415
46 97 76
47 59 863
47 61 382
47 68 729
47 75 949
47 83 852
47 88 798
47 97 733
48 51 31
48 58 460
48 74 722
48 77 893
48 85 573
48 94 431
49 51 17
49 57 941
49 64 253
49 79 976
49 89 319
49 91 790
49 96 894
50 63 649
50 66 100
50 74 988
50 78 180
50 83 717
50 94 6
50 97 991
50 100 975
51 58 287
51 59 869
51 68 903
51 75 155
51 77 646
51 80 603
52 56 469
52 61 389
52 69 640
52 77 101
52 85 5
52 92 934
53 56 601
53 60 918
53 63 964
53 73 128
53 74 658
53 81 28
54 68 411
54 72 599
54 75 14
54 94 971
54 98 934
55 58 310
55 66 141
55 86 266
55 90 538
55 92 763
56 61 867
56 63 129
56 65 523
56 70 532
56 76 636
56 77 978
56 90 20
56 95 768
56 100 423
57 65 678
57 72 319
57 74 949
57 79 470
57 87 663
57 90 201
57 97 47
58 67 69
58 75 302
58 88 132
58 91 358
58 97 57
58 100 25
59 66 15
59 70 884
59 71 63
59 72 368
59 81 759
59 87 934
59 91 750
59 99 937
60 62 334
60 76 867
60 77 786
60 80 470
61 62 399
61 65 977
61 69 373
61 92 888
61 94 910
62 94 640
62 95 498
62 98 832
63 70 942
63 82 635
63 85 820
63 97 921
64 70 344
64 73 831
64 74 421
64 85 975
64 90 896
65 67 669
65 71 314
65 88 775
65 91 397
65 96 682
66 78 358
66 84 100
66 94 659
66 97 198
66 99 654
67 71 80
67 73 360
67 77 480
67 82 338
67 87 561
67 88 635
67 96 215
68 71 872
68 73 44
69 75 751
69 83 554
69 90 710
69 91 813
70 77 222
70 85 778
70 88 661
71 73 514
71 77 38
71 78 269
71 86 937
71 91 332
72 81 338
72 82 79
72 83 125
72 89 359
72 90 650
72 93 723
72 98 662
73 81 237
73 82 393
73 95 277
73 96 859
73 99 522
74 83 729
74 88 790
74 89 62
74 94 642
74 98 187
75 78 910
75 87 258
75 89 95
75 91 384
75 94 572
75 99 292
76 84 516
76 98 357
76 100 819
77 78 689
77 93 305
78 81 815
78 92 143
78 100 768
79 81 382
79 85 289
79 86 470
79 89 434
79 98 405
80 85 839
80 92 676
80 100 602
81 83 381
81 92 86
81 94 581
82 86 306
82 87 779
82 92 75
82 97 543
82 99 605
83 95 419
83 97 60
84 94 811
84 95 915
85 86 322
85 97 325
86 87 770
86 90 310
86 94 731
86 96 767
86 99 603
87 98 673
88 89 744
88 96 328
91 92 80
91 99 329
93 95 18
94 97 196
96 97 849
50
1 59 4 232 636 476 208 621 249 275 77 298 272 329 623 699 228 405 584 74 167 365 146 672 449 341 83 263 669 532 643 89 385 31 321 325 506 529 242 54 103 318 352 375 646 274 373 173 678 256
